2
2,2,2,3
2,2,2,2,2,3,
2,3

1,2,4
1,2,5
1,2,3,5
1,2,3,4
1,2,2,4


2,3,4,5
2,3,4,5
2,3,4,5


// single chain usage
2,5
3,5
4,5

//three chain usage
2,3,4,5
3,2,4,5
4,3,2,5

//all possible combinations
2,3,4,5
2,4,3,5
3,2,4,5
3,4,2,5
4,3,2,5
4,2,3,5

2,3,4,5
3,2,4,5
4,3,2,5
2,4,3,5
3,4,2,5
4,2,3,5


//9 combs
2,3,7,11
5,6,10,11
8,9,4,11

//3chainloop
2,2,3,5
3,3,4,5
4,4,3,5

//9NFs (1st attempt)
2,3,7,11
5,6,10,11
8,9,4,11

//9Nfs (work mode)
2,5,9,11
3,8,10,11
4,6,7,11


//9nf random
2,5,9,11
3,8,10,11
4,6,7,11
2,9,5,11
3,10,8,11
4,7,6,11
